respTime = [3.45
          3.57
          4.27
          5.65
         13.15
         27.05
         68.03
         81.89
        141.04
        163.54]./1000;
    
throughputB = [490.732
        979.631
       1461.383
       1936.582
       2324.64
       2621.007
       2590.142
       2811.814
       2636.367
       2652.366]; %% BANG's
   
   throughput = [491.20
        981.67
       1466.68
       1941.46
       2340.63
       2634.77
       2607.78
       2833.63
       2635.42
       2745.02];
   
   clients = [100 200 300 400 500 600 700 800 900 1000];